N_SAMPLES = 5000
N_CONVERGE = 500000
N_HIDDEN = 128
N_VISIBLE = 4
LEARNING_RATE = 0.005
N_CHAINS = 100
N_SWEEPS = 100
N_SCALE = 10
omega = 1
persistent_chain = [[1 1 1 1]
 [0 1 1 0]
 [0 1 0 0]
 [1 0 0 0]
 [0 1 0 0]
 [0 0 0 0]
 [0 1 1 1]
 [0 0 0 0]
 [0 1 1 1]
 [0 1 1 0]
 [1 0 1 1]
 [0 0 1 1]
 [0 0 0 0]
 [0 1 1 1]
 [1 0 0 1]
 [1 1 0 1]
 [0 1 1 1]
 [1 1 1 1]
 [0 0 1 0]
 [0 0 1 1]
 [0 1 1 0]
 [0 0 1 1]
 [1 0 1 0]
 [0 0 0 1]
 [1 1 1 1]
 [0 1 1 1]
 [1 1 1 0]
 [0 0 1 1]
 [0 0 1 1]
 [1 1 1 0]
 [1 1 1 1]
 [0 0 0 0]
 [0 1 1 0]
 [1 0 1 1]
 [1 1 0 0]
 [1 1 0 1]
 [1 1 1 0]
 [1 1 0 1]
 [0 1 0 1]
 [1 0 1 1]
 [0 1 0 0]
 [1 1 1 1]
 [0 1 1 0]
 [0 1 1 1]
 [1 0 0 0]
 [1 1 0 1]
 [1 1 1 1]
 [0 0 1 0]
 [0 0 0 0]
 [1 1 1 1]
 [1 1 1 0]
 [1 0 0 0]
 [0 1 0 1]
 [0 1 1 0]
 [1 0 1 0]
 [1 0 0 1]
 [0 1 0 1]
 [0 0 1 0]
 [1 1 1 0]
 [0 0 0 1]
 [1 0 1 1]
 [1 1 1 0]
 [0 1 0 1]
 [1 1 0 0]
 [1 1 1 1]
 [0 1 1 1]
 [0 0 0 1]
 [1 1 1 0]
 [1 0 0 0]
 [0 1 1 1]
 [1 1 1 1]
 [0 1 0 1]
 [1 0 0 1]
 [1 0 0 0]
 [1 1 1 1]
 [1 1 1 0]
 [1 1 1 0]
 [1 0 0 0]
 [0 1 1 0]
 [0 0 0 1]
 [1 1 0 0]
 [1 1 1 0]
 [0 0 1 1]
 [1 1 1 1]
 [0 0 1 0]
 [1 1 0 1]
 [1 0 0 0]
 [0 1 1 1]
 [1 0 1 1]
 [0 1 1 0]
 [0 0 1 1]
 [0 1 1 0]
 [0 0 0 1]
 [1 1 1 1]
 [0 1 0 1]
 [0 0 1 0]
 [1 0 1 1]
 [0 1 1 0]
 [0 0 1 1]
 [1 1 0 0]]
PERSISTENT_CHAIN_RATE = 0.1
